cam0:
  T_cam_imu:
  - [0.707106781186548, -0.707106781186548, 0.0, 0.04]
  - [0.0, 0.0, -1.0, 0.0]
  - [0.707106781186548, 0.707106781186548, 0.0, 0.03]
  - [0.0, 0.0, 0.0, 1.0]
  T_imu_cam:
  - [0.707106781186548, 0.0, 0.707106781186548, -0.049497474683058]
  - [-0.707106781186548, 0.0, 0.707106781186548, 0.007071067811865]
  - [0.0, -1.0, 0.0, 0.0]
  - [0.0, 0.0, 0.0, 1.0]
  T_cn_cnm1:
  - [-0.0692565911455356, -0.09421251912418536, -0.9931402347217463, -0.018085748533225796]
  - [0.00358865811569875, 0.9955006539729743, -0.09468669110439859, -0.02030254874671419]
  - [0.997592424848855, -0.010121718216102185, -0.06860688525596463, -0.07680178031656382]
  - [0.0, 0.0, 0.0, 1.0]
  cam_overlaps: [1, 3]
  camera_model: omni
  distortion_coeffs: [-0.12245740392136968, 0.21642915111871122, -0.0029127983146423615, 0.00045934893169851326]
  distortion_model: radtan
  intrinsics: [3.053269918650259, 1581.937554633415, 1581.24418501278, 525.3746319370008, 647.1703434248618]
  resolution: [1088, 1280]
  rostopic: /fisheye/left/image_raw
cam1:
  T_cam_imu:
  - - -0.647833096657255
    - -0.761411835233661
    - 0.0237549161561311
    - -0.0738076299508829
  - - -0.0246170894111726 
    - -0.0102424276130353
    - -0.999644482596447
    - -0.00235807118390024
  - - 0.761384448084146
    - -0.648187557611765
    - -0.0121083596288316
    - -0.000104431021488112
  - - 0.0
    - 0.0
    - 0.0
    - 1.0
  T_cn_cnm1:
  - [0.08031229624599101, -0.02375491615613106, -0.9964866476928405, -0.04712552236993736]
  - [-0.01016442083472606, 0.9996444825964468, -0.02464940087670532, -0.00121201232421004]
  - [0.9967179237983004, 0.012108359628831555, 0.08004228886225151, -0.042374416639287676]
  - [0.0, 0.0, 0.0, 1.0]
  cam_overlaps: [0]
  camera_model: omni
  distortion_coeffs: [-0.17579396586915455, 0.798206229233883, -0.005114306441962891, 0.0054490570888149304]
  distortion_model: radtan
  intrinsics: [3.143037783425612, 1628.8255150117843, 1626.0553748928521, 533.122487146616, 585.3388404032846]
  resolution: [1088, 1280]
  rostopic: /fisheye/right/image_raw
cam2:
  T_cam_imu:
    - - -0.712635333810163
      - 0.699363752600161
      - 0.0551472805703976
      - -0.0333304864074715
    - - -0.0669723613821517
      - 0.010428891518989
      - -0.997700326266657
      - 0.00886354915522572
    - - -0.698330569154887
      - -0.714689848655147
      - 0.0394060453878108
      - -0.14423396999401
    - - 0.0
      - 0.0
      - 0.0
      - 1.0
  T_cn_cnm1:
  - [-0.06952506424738608, -0.044747849633618345, -0.9965760861041019, -0.03867155869517894]
  - [0.011745943234312765, 0.9988874738788889, -0.04567107777789352, 0.012081167677695862]
  - [0.9975110516976439, -0.01488101075280774, -0.06892211009568466, -0.07065233150739827]
  - [0.0, 0.0, 0.0, 1.0]
  cam_overlaps: [3]
  camera_model: omni
  distortion_coeffs: [0.12469576836147385, -0.5420506848782235, 0.0035434225242715056, 0.002754925203506855]
  distortion_model: radtan
  intrinsics: [3.3023624494865276, 1669.7074748687965, 1666.9350561702213, 565.0584558154732, 623.6796309812959]
  resolution: [1088, 1280]
  rostopic: /fisheye/bright/image_raw
cam3:
  T_cam_imu:
    - - 0.655503291871037
      - 0.754943433977108
      - -0.0193867439529579
      - 0.0868690682214461
    - - -0.0100556246676855
      - -0.0169436343848846
      - -0.999805879991903
      - 0.0157314352059182
    - - -0.75512536625304
      - 0.655570991387428
      - -0.00351518029814371
      - -0.103098833811883
    - - 0.0
      - 0.0
      - 0.0
      - 1.0
  T_cn_cnm1:
  - [0.05977613956278466, -0.01668521940734239, -0.9980723503796202, -0.05494661114548797]
  - [-0.059820345664218406, 0.9980033982754639, -0.020266802294366813, 0.0019685804561695537]
  - [0.9964177534466073, 0.060916504200047225, 0.058658674827016866, -0.06196710830892123]
  - [0.0, 0.0, 0.0, 1.0]
  cam_overlaps: [0, 2]
  camera_model: omni
  distortion_coeffs: [-0.08792582109307356, 0.36257362328903614, -0.0020672414868877853, 0.007891818892508558]
  distortion_model: radtan
  intrinsics: [3.1145683546921643, 1612.8099715564304, 1609.7194602367413, 531.1571123995797, 641.1494744372575]
  resolution: [1088, 1280]
  rostopic: /fisheye/bleft/image_raw
